prv1:136.0,8.0,12.0,117.0: 0.4981684,0.029304029,0.043956044,0.428571429
prv2:134.5, 34:.4,.4
