
prv1:101.90000000000001, 48.25, 12.550000000000001, 47.350000000000001:0.48512258985955725, 0.22970721256843607, 0.059747679124018092, 0.22542251844798858:210:330:18.1659021246
prv2:210.05000000000001, 0.0:1.0, 0.0:0:0:0