
prv1:57.799999999999997, 49.149999999999999, 6.5999999999999996, 7.8499999999999996:0.4761120263591434, 0.40485996705107091, 0.054365733113673813, 0.064662273476112031:121:86:9.2736184955
prv2:121.40000000000001, 0.0:1.0, 0.0:0:0:0