
prv1:48.049999999999997, 24.449999999999999, 7.6500000000000004, 18.5:0.48707551951343125, 0.2478459199189052, 0.077546882919412058, 0.18753167764825138:98:30:5.47722557505
prv2:98.650000000000006, 0.0:1.0, 0.0:0:0:0