
prv1:38.149999999999999, 39.899999999999999, 4.75, 8.0:0.42015418502202645, 0.43942731277533037, 0.05231277533039648, 0.088105726872246701:90:254:15.9373774505
prv2:90.799999999999997, 0.0:1.0, 0.0:0:0:0