
prv1:111.59999999999999, 50.350000000000001, 21.199999999999999, 70.299999999999997:0.44032353521404616, 0.19865851252712569, 0.083645689485105548, 0.27737226277372262:253:810:28.4604989415
prv2:253.44999999999999, 0.0:1.0, 0.0:0:0:0