
prv1:13.526315789473685, 4.8421052631578947, 1.4210526315789473, 4.9473684210526319:0.54680851063829794, 0.19574468085106383, 0.057446808510638298, 0.20000000000000001:24:46:6.78232998313
prv2:24.736842105263158, 0.0:1.0, 0.0:0:0:0