
prv1:9.4000000000000004, 4.7999999999999998, 1.25, 6.0:0.43822843822843827, 0.22377622377622378, 0.058275058275058279, 0.27972027972027974:21:5:2.2360679775
prv2:21.449999999999999, 0.0:1.0, 0.0:0:0:0