
prv1:168.40000000000001, 79.400000000000006, 19.550000000000001, 80.150000000000006:0.48460431654676261, 0.22848920863309355, 0.056258992805755401, 0.23064748201438851:347:665:25.7875939165
prv2:347.5, 0.0:1.0, 0.0:0:0:0