
prv1:12.199999999999999, 7.9500000000000002, 2.9500000000000002, 3.5:0.45864661654135341, 0.29887218045112784, 0.11090225563909777, 0.13157894736842107:26:6:2.44948974278
prv2:26.600000000000001, 0.0:1.0, 0.0:0:0:0