
prv1:11.5, 10.050000000000001, 0.75, 1.8999999999999999:0.47520661157024796, 0.41528925619834717, 0.030991735537190084, 0.078512396694214878:24:40:6.32455532034
prv2:24.199999999999999, 0.0:1.0, 0.0:0:0:0