
prv1:74.549999999999997, 58.649999999999999, 6.0499999999999998, 14.300000000000001:0.48550960599153364, 0.38196027352653855, 0.039400846629762287, 0.09312927385216542:153:58:7.61577310586
prv2:153.55000000000001, 0.0:1.0, 0.0:0:0:0