
prv1:95.5, 49.75, 11.85, 59.450000000000003:0.44100669591318398, 0.22973909027938119, 0.054721773262525968, 0.27453244054490877:216:380:19.4935886896
prv2:216.55000000000001, 0.0:1.0, 0.0:0:0:0