
prv1:58.700000000000003, 13.800000000000001, 12.533333333333333, 49.466666666666669:0.43643122676579926, 0.10260223048327138, 0.093184634448574971, 0.36778190830235441:134:42:6.48074069841
prv2:134.5, 0.0:1.0, 0.0:0:0:0