
prv1:22.100000000000001, 13.199999999999999, 1.8500000000000001, 5.0999999999999996:0.52307692307692311, 0.31242603550295855, 0.043786982248520713, 0.12071005917159762:42:5:2.2360679775
prv2:42.25, 0.0:1.0, 0.0:0:0:0