
prv1:55.642857142857146, 23.285714285714285, 6.1428571428571432, 32.428571428571431:0.47355623100303956, 0.19817629179331306, 0.052279635258358666, 0.27598784194528875:117:909:30.1496268634
prv2:117.5, 0.0:1.0, 0.0:0:0:0