
prv1:59.049999999999997, 36.200000000000003, 10.85, 35.950000000000003:0.41569869764167539, 0.254839845124956, 0.076381555790214703, 0.25307990144315384:142:281:16.7630546142
prv2:142.05000000000001, 0.0:1.0, 0.0:0:0:0